0.000000000034110 0.000000522890270 0.999999477075620
0.000005170737454 0.999961052996722 0.000033776265824
0.000000012024403 0.000123993252572 0.999875994723025
0.000000000001228 0.000000026088023 0.999999973910749
0.000011855743376 0.999985700926082 0.000002443330543
0.870266621173876 0.128049441990157 0.001683936835967
0.999951314100395 0.000048679492544 0.000000006407061
0.000600424387636 0.999397408057265 0.000002167555098
0.999999940182063 0.000000056338483 0.000000003479454
0.999999397426110 0.000000553328044 0.000000049245846
0.014272935034332 0.985723155554676 0.000003909410992
0.000011381465129 0.537608337068498 0.462380281466373
0.996706230086271 0.003293751189137 0.000000018724592
0.999464587335418 0.000535381495693 0.000000031168890
0.000000000173406 0.000001812552914 0.999998187273680
0.711482344766613 0.288156981202452 0.000360674030935
0.000000000114625 0.000275014662393 0.999724985222982
0.997387319993140 0.001711895488795 0.000900784518065
0.992356521128879 0.007643446624173 0.000000032246948
0.036240668761671 0.963758396945448 0.000000934292881
0.563840449277394 0.436158277394878 0.000001273327728
0.997791416578615 0.002207037527902 0.000001545893483
0.081373229285107 0.769536173889556 0.149090596825337
0.998208626921770 0.001791371933295 0.000000001144936
0.999999001937672 0.000000997617654 0.000000000444675
0.991860263300248 0.008138343287251 0.000001393412502
0.000000000000006 0.000000075330262 0.999999924669732
0.999848824651104 0.000150098002014 0.000001077346882
0.962486449757087 0.037513343536691 0.000000206706222
0.001619469450343 0.998379493247243 0.000001037302414
0.000325977987198 0.177870413661450 0.821803608351352
0.000367164520762 0.999631922295216 0.000000913184021
0.001167739729512 0.998831981255123 0.000000279015365
0.999731977829758 0.000267762735613 0.000000259434629
0.000000000008880 0.000000301146334 0.999999698844786
0.000000024936156 0.000012514334439 0.999987460729404
0.003965045923261 0.612088646450813 0.383946307625925
0.999992094115516 0.000007904554949 0.000000001329535
0.000000576533781 0.926870125762315 0.073129297703905
0.998988619621791 0.001010720640165 0.000000659738044
0.000210503741386 0.999600599772505 0.000188896486109
0.002117419098407 0.997880402448757 0.000002178452837
0.999979059396679 0.000020939467859 0.000000001135462
0.999564306419586 0.000341396857617 0.000094296722797
0.000301490977133 0.030442371766625 0.969256137256242
0.027687388136890 0.971064033908711 0.001248577954399
0.000000000329899 0.000000840679872 0.999999158990229
0.000329278007501 0.999670614943151 0.000000107049348
0.000000036208970 0.000071604839720 0.999928358951310
0.002452010495127 0.997377270076813 0.000170719428060
0.000032043552340 0.999966560630613 0.000001395817047
0.015690767307632 0.925132579856129 0.059176652836240
0.000011207826581 0.999988743937320 0.000000048236100
0.999659037152892 0.000128806253152 0.000212156593957
0.999989385453722 0.000010613024232 0.000000001522046
0.999999534312686 0.000000465587675 0.000000000099639
0.999996048716514 0.000003727029054 0.000000224254431
0.999999689709412 0.000000310280129 0.000000000010459
0.003231941199161 0.996767617906236 0.000000440894603
0.997833638061945 0.002149045976420 0.000017315961635
0.999866597497379 0.000133368108089 0.000000034394532
0.000060502761974 0.028455384342026 0.971484112896000
0.000002165195911 0.000024854772627 0.999972980031462
0.999935308520572 0.000059497823864 0.000005193655564
0.000000246747305 0.975284404867939 0.024715348384756
0.391612712181278 0.608215969756446 0.000171318062276
0.000000011191415 0.000514172179134 0.999485816629451
0.999200278937762 0.000799720935211 0.000000000127027
0.006114038168188 0.984384193109887 0.009501768721925
0.000031502517131 0.995320988807839 0.004647508675030
0.999806675231437 0.000193321565829 0.000000003202734
0.001628100881200 0.998370767976138 0.000001131142661
0.000028368271208 0.998875661797217 0.001095969931575
0.000000116878704 0.016231290412719 0.983768592708577
0.000012123096039 0.995348711700900 0.004639165203062
0.000000159845588 0.020831678785773 0.979168161368638
0.000000699101600 0.999999300589321 0.000000000309079
0.999985796336737 0.000014192502024 0.000000011161239
0.000000157638259 0.999335110665174 0.000664731696568
0.934293082736998 0.065706703705274 0.000000213557728
0.002137044592456 0.077680465847239 0.920182489560305
0.999999971054033 0.000000028123538 0.000000000822429
0.999246274368054 0.000691200733447 0.000062524898499
0.000070917068471 0.005408177943156 0.994520904988373
0.000078342790730 0.345749061007571 0.654172596201699
0.000320349318415 0.999617970140846 0.000061680540739
0.319391393554175 0.680360761350276 0.000247845095550
0.000000000016978 0.000174721653514 0.999825278329508
0.012936750296914 0.986963496187556 0.000099753515530
0.999138224415887 0.000718403708083 0.000143371876031
0.000000000001977 0.000000842799571 0.999999157198452
0.999996034486082 0.000003963716604 0.000000001797314
0.000000001545856 0.000103155632398 0.999896842821746
0.010327621827162 0.989574561817766 0.000097816355072
0.999999985566445 0.000000011270288 0.000000003163267
0.000000012751979 0.000087584576912 0.999912402671108
0.000325167222463 0.991018775955937 0.008656056821600
0.000039781156139 0.999960218080023 0.000000000763837
0.999467769801480 0.000531842504717 0.000000387693803
0.814395176979309 0.185552644511656 0.000052178509035
0.000000260089863 0.000014261777411 0.999985478132727
0.000000010538716 0.000004413421700 0.999995576039584
0.000000097668858 0.000192401187015 0.999807501144128
0.000000000080005 0.000004601956843 0.999995397963151
0.000002086924505 0.995558779681882 0.004439133393613
0.035934789867952 0.957137927950398 0.006927282181649
0.999995918362398 0.000004081269452 0.000000000368150
0.000000000000172 0.000000226650131 0.999999773349697
0.000000000100282 0.000000047928538 0.999999951971180
0.999675234841182 0.000316311916931 0.000008453241887
0.000056020410281 0.998745089370398 0.001198890219321
0.000000007099493 0.000003240058744 0.999996752841764
0.000000015956384 0.001354101310798 0.998645882732818
0.999999783160687 0.000000216719320 0.000000000119993
0.000751681606657 0.999238965737658 0.000009352655685
0.000000001934887 0.000317252279476 0.999682745785637
0.995167239375714 0.004832590036499 0.000000170587786
0.999997572260349 0.000002427688102 0.000000000051549
0.000000000000095 0.000000341146361 0.999999658853544
0.998278327916831 0.001720410920507 0.000001261162663
0.998233607723042 0.001766368929248 0.000000023347710
0.021099543088158 0.978874258952669 0.000026197959173
0.000177706777410 0.999809068065376 0.000013225157214
0.000016638326714 0.999982572214782 0.000000789458505
0.000000000007306 0.000002445566296 0.999997554426398
0.951349262840851 0.048647984480984 0.000002752678165
0.999911719524930 0.000088261557253 0.000000018917816
0.999480951523625 0.000510460178193 0.000008588298182
0.001580136431420 0.996666003598846 0.001753859969734
0.000000055373515 0.000025079101601 0.999974865524884
0.000000036971509 0.000055513301242 0.999944449727249
0.000000085908664 0.000181404942423 0.999818509148913
0.999938685406552 0.000059630604008 0.000001683989440
0.000000004847558 0.037760445551209 0.962239549601233
0.001518820446241 0.998471906770395 0.000009272783364
0.999934418082775 0.000064595569446 0.000000986347779
0.000108441332713 0.993319830863069 0.006571727804218
0.000000872502532 0.000870814217727 0.999128313279740
0.000860997764869 0.998809176882370 0.000329825352761
0.999385405609474 0.000598364722320 0.000016229668206
0.001915817384166 0.959218875582738 0.038865307033096
0.988160691840885 0.011838981350909 0.000000326808205
0.000056738237164 0.998933826231021 0.001009435531815
0.000001308360414 0.956547332473792 0.043451359165794
0.999528176804738 0.000471823194905 0.000000000000357
0.000007041429462 0.999990846440823 0.000002112129715
0.314836962674336 0.685126253386344 0.000036783939321
0.000005368654576 0.999790741486583 0.000203889858842
0.000000000161095 0.000000641440696 0.999999358398209
0.000000000000042 0.000000375893341 0.999999624106617
0.978087004488881 0.021868839592272 0.000044155918847
0.003312686300202 0.040112324581602 0.956574989118196
0.000761507328231 0.997773204910792 0.001465287760977
0.000000000000539 0.000000502685227 0.999999497314234
0.999998238103823 0.000000701904293 0.000001059991884
0.999260765266719 0.000739234205932 0.000000000527349
0.999861203502376 0.000138796038831 0.000000000458793
0.033364188949864 0.966635691284666 0.000000119765470
0.000000000203544 0.000411181036144 0.999588818760312
0.001841264329904 0.998158734184530 0.000000001485565
0.003711691847560 0.995831440421028 0.000456867731411
0.000988457546936 0.999009427525696 0.000002114927369
0.155591054234971 0.844174131169345 0.000234814595684
0.999886535718925 0.000110669112679 0.000002795168396
0.999682053194898 0.000317945602833 0.000000001202269
0.997615421142949 0.002384578543673 0.000000000313378
0.000028859611784 0.999971105398762 0.000000034989454
0.000000000000000 0.000000000542608 0.999999999457392
0.000242636028484 0.999504562253594 0.000252801717922
0.000493201642578 0.001498297568226 0.998008500789196
0.000000004633807 0.002173877666851 0.997826117699342
0.998141261910277 0.001855095542598 0.000003642547126
0.999247729190107 0.000752269984396 0.000000000825497
0.997563101527287 0.002436874187785 0.000000024284928
0.000000000000468 0.000000031411503 0.999999968588030
0.999947476908212 0.000052523074668 0.000000000017120
0.999998474899266 0.000001524691902 0.000000000408832
0.999985446541887 0.000014044297849 0.000000509160264
0.002337812900730 0.997661479071539 0.000000708027731
0.000021850715528 0.001652172715486 0.998325976568987
0.000000039382072 0.000270313024413 0.999729647593515
0.000003435482472 0.001167710306580 0.998828854210948
0.000000007128516 0.000028579866189 0.999971413005295
0.000020195913132 0.008891679898885 0.991088124187983
0.000029142702900 0.994376753389438 0.005594103907662
0.000000000881144 0.000059485420617 0.999940513698239
0.000171508635436 0.999048644365511 0.000779846999053
0.999493990238003 0.000501297328906 0.000004712433091
0.999916442586127 0.000083444619718 0.000000112794156
0.177398455470219 0.653954588689680 0.168646955840101
0.000086050400317 0.999838008261788 0.000075941337896
0.997922315134675 0.002077668016386 0.000000016848939
0.996630521262227 0.003366832590396 0.000002646147377
0.000000170801614 0.000240976657581 0.999758852540805
0.999997653816763 0.000002212216369 0.000000133966867
0.000000004669954 0.000000672714854 0.999999322615193
0.002565526866219 0.997433989312913 0.000000483820867
0.000193513187496 0.999806450809746 0.000000036002758
0.000000002237207 0.000129077392449 0.999870920370344
0.963361778039813 0.036626107068583 0.000012114891604
0.007376082457717 0.992622720447400 0.000001197094883
0.088246841093331 0.909947851467554 0.001805307439116
0.999856312568394 0.000130976089124 0.000012711342482
0.954703153331192 0.045233815134749 0.000063031534060
0.217373803382739 0.782575562539344 0.000050634077917
0.000067051874080 0.999912996759190 0.000019951366730
0.999508875841640 0.000486532321242 0.000004591837118
0.000000000000634 0.001654881909910 0.998345118089457
0.000009868555687 0.001213165179918 0.998776966264394
0.000009887460712 0.018596455769365 0.981393656769923
0.000506196972203 0.999438565987687 0.000055237040110
0.000000826243381 0.999998905435103 0.000000268321515
0.137088852798813 0.862803464246942 0.000107682954246
0.000001831348020 0.999444828647246 0.000553340004734
0.000000587787012 0.000322577542382 0.999676834670606
0.995367338642543 0.004632660169195 0.000000001188261
0.001704716918788 0.998295275723048 0.000000007358164
0.994655977059577 0.005343549863553 0.000000473076870
0.999999949591642 0.000000050242987 0.000000000165371
0.291032789118700 0.708963521727383 0.000003689153916
0.000020925934628 0.999700576744257 0.000278497321114
0.000000003587180 0.000013132989083 0.999986863423737
0.660794291440100 0.339204695482363 0.000001013077538
0.012634317141357 0.987097073259576 0.000268609599067
0.999427753537442 0.000569055869028 0.000003190593530
0.000749526279967 0.921875450243561 0.077375023476472
0.000000000273800 0.000006392607976 0.999993607118223
0.000466271772718 0.999533622630388 0.000000105596893
0.000000000108652 0.000003278258562 0.999996721632786
0.001231320363076 0.998765271732144 0.000003407904781
0.022070942279520 0.977928523121816 0.000000534598664
0.001508435488398 0.998491447197863 0.000000117313739
0.000947127391194 0.941181671037819 0.057871201570987
0.000000980882718 0.999985615622940 0.000013403494341
0.999997950698382 0.000002048538838 0.000000000762780
0.997705074355216 0.002294901958840 0.000000023685944
0.000000000074415 0.000045016435785 0.999954983489800
0.037689587352928 0.962094173222637 0.000216239424435
0.003740346567172 0.996258147739002 0.000001505693826
0.000007808313881 0.002967468812941 0.997024722873178
0.000492767185124 0.986590722505437 0.012916510309439
0.996599566934601 0.003379201166668 0.000021231898731
0.000000000169669 0.000002270223888 0.999997729606443
0.000000034455875 0.000134618621266 0.999865346922858
0.000000000018111 0.000000082642595 0.999999917339294
0.999999855192734 0.000000144714156 0.000000000093110
0.005472511358154 0.994522849927320 0.000004638714526
0.007167609881249 0.992830877005457 0.000001513113294
0.000000000000667 0.000000270414245 0.999999729585088
0.000000156658656 0.999931210172081 0.000068633169264
0.543887767391755 0.397408519227908 0.058703713380337
0.000026734549711 0.999970725682039 0.000002539768250
0.000255878963594 0.999744116827084 0.000000004209322
0.020685444943017 0.979254472821060 0.000060082235923
0.000000029847585 0.004020115201072 0.995979854951343
0.000000085898649 0.000001975238164 0.999997938863187
0.998896818002911 0.001103120274868 0.000000061722221
0.000003963233885 0.999991350920772 0.000004685845343
0.000000000003809 0.000003246253430 0.999996753742761
0.000000000084385 0.004297613122753 0.995702386792862
0.000000000000028 0.000000001506442 0.999999998493529
0.000796175506716 0.997521990934568 0.001681833558715
0.998151211456817 0.001847225588218 0.000001562954965
0.000000000161340 0.000043881511573 0.999956118327087
0.000003153154039 0.999992744873753 0.000004101972208
0.000933400684903 0.999056206695631 0.000010392619466
0.000006540552422 0.998773995684114 0.001219463763465
0.999904054194170 0.000095895024632 0.000000050781198
0.000000197018532 0.014539504143199 0.985460298838269
0.967836511690190 0.029783949673939 0.002379538635871
0.000051223933747 0.999721125075940 0.000227650990313
0.000001701727847 0.002140102547415 0.997858195724738
0.001087066697091 0.997415724279345 0.001497209023564
0.990950347965529 0.008852985682754 0.000196666351718
0.999940602483319 0.000059397336840 0.000000000179841
