0.000000000014557 0.000415485673292 0.999584514312151
0.000140745083642 0.999839346088001 0.000019908828357
0.818960517812993 0.181039482032367 0.000000000154640
0.999913129879961 0.000086870120036 0.000000000000003
0.000000000593816 0.000134409928142 0.999865589478042
0.000000000316484 0.000774147115493 0.999225852568023
0.001132645416337 0.998546633144933 0.000320721438730
0.000000000710323 0.000055216529222 0.999944782760455
0.982344134982556 0.017655864996583 0.000000000020862
0.000000002244795 0.000796149588981 0.999203848166224
0.000001426207785 0.004992758288446 0.995005815503770
0.000002006026835 0.046036297720393 0.953961696252772
0.000540557942601 0.999420113163148 0.000039328894250
0.001394183426338 0.998328549985426 0.000277266588237
0.000037495365179 0.999895461830490 0.000067042804331
0.021464656586046 0.925098211415987 0.053437131997966
0.947285222823023 0.052714777111252 0.000000000065726
0.002318367915637 0.997443276184571 0.000238355899792
0.999696234726914 0.000303765273064 0.000000000000021
0.000000000003314 0.000139534862893 0.999860465133793
0.000067011981657 0.999912521332138 0.000020466686204
0.000000000753557 0.001766735051291 0.998233264195152
0.961090573538144 0.038909426461101 0.000000000000755
0.000087377860002 0.999865512672304 0.000047109467695
0.000000000285542 0.000346898630608 0.999653101083849
0.000000000001081 0.000280404073010 0.999719595925909
0.008468993996496 0.991512639655617 0.000018366347887
0.968963160206133 0.031036839736905 0.000000000056961
0.000372193794292 0.999565586001109 0.000062220204600
0.999735689774629 0.000264310225300 0.000000000000071
0.000000973159234 0.156468318724318 0.843530708116448
0.000000000048659 0.000139167749942 0.999860832201400
0.984823436758801 0.015176563235787 0.000000000005412
0.000061856839899 0.999929625969554 0.000008517190547
0.000173016263314 0.999524932498679 0.000302051238006
0.000495871095604 0.998378592584021 0.001125536320376
0.000000174277998 0.001383874284508 0.998615951437493
0.820337219145888 0.179662780833669 0.000000000020443
0.000151916863242 0.999842789247330 0.000005293889427
0.000037346287376 0.999956511576593 0.000006142136031
0.000342691745010 0.999620851592732 0.000036456662258
0.000403061534967 0.999564174844081 0.000032763620952
0.000415622146942 0.999103812494425 0.000480565358633
0.976257534746391 0.023742465247863 0.000000000005746
0.000915550206076 0.994282910071988 0.004801539721936
0.981798583049603 0.018201416941515 0.000000000008882
0.000000000000482 0.000223896090400 0.999776103909118
0.000000000028271 0.000361222361862 0.999638777609867
0.000250760339556 0.999529771718687 0.000219467941758
0.002173152613432 0.997789729230066 0.000037118156502
0.000146871983686 0.999764585630659 0.000088542385654
0.002550153264483 0.995714399620184 0.001735447115333
0.000820874715735 0.998111582831275 0.001067542452990
0.007133590216855 0.966430469270173 0.026435940512972
0.974971310901258 0.025028689090739 0.000000000008004
0.000000001211533 0.000695378498030 0.999304620290437
0.000000000022154 0.000099794063518 0.999900205914329
0.991511898500970 0.008488101498385 0.000000000000645
0.000000000013766 0.000061671804829 0.999938328181405
0.800522981892674 0.199477017970916 0.000000000136410
0.000162996324072 0.999833793683763 0.000003209992164
0.921001578109894 0.078998421799834 0.000000000090271
0.000000016730910 0.006797116641256 0.993202866627834
0.000000000002818 0.000061840406594 0.999938159590587
0.988006478994098 0.011993520965848 0.000000000040054
0.000191221130457 0.999654307015291 0.000154471854252
0.985628950735461 0.014371049262732 0.000000000001807
0.983327438865792 0.016672561130312 0.000000000003896
0.000096640250593 0.999892970455602 0.000010389293805
0.002755314015694 0.981689412098112 0.015555273886194
0.645391417084223 0.354608581934954 0.000000000980824
0.000053298486779 0.999907764136646 0.000038937376575
0.000000051493012 0.002232993624293 0.997766954882695
0.757331609345455 0.242668390509712 0.000000000144833
0.000596423694610 0.994599975239702 0.004803601065688
0.995446919065289 0.004553080933631 0.000000000001081
0.000023051180284 0.999976424930942 0.000000523888773
0.994936837926093 0.005063162071699 0.000000000002208
0.000000001276458 0.001432909696637 0.998567089026905
0.000000000000008 0.000003140983364 0.999996859016628
0.000226087411403 0.999522897281088 0.000251015307510
0.944490372049524 0.055509627941064 0.000000000009412
0.396703549190730 0.603296449921991 0.000000000887279
0.998290675666674 0.001709324333309 0.000000000000018
0.974861134052989 0.025138865821100 0.000000000125911
0.000000002325827 0.000698843162902 0.999301154511272
0.947289438360686 0.052710561613285 0.000000000026029
0.967159444615742 0.032840555303212 0.000000000081046
0.000302054427342 0.999686026559189 0.000011919013469
0.000064505207750 0.002162330541551 0.997773164250699
0.000000000006449 0.000062529387268 0.999937470606283
0.000041188347554 0.999867565880497 0.000091245771949
0.001627575010075 0.995808587198149 0.002563837791776
0.000000004538832 0.001045591155891 0.998954404305278
0.000000079395393 0.003868500904353 0.996131419700254
0.953309237964958 0.046690761923577 0.000000000111465
0.000287336400640 0.999649064626133 0.000063598973227
0.957888945039989 0.042111054856080 0.000000000103930
0.993793767397386 0.006206232600240 0.000000000002374
0.000281036382248 0.999393717496534 0.000325246121218
0.000289324926445 0.999706441270359 0.000004233803196
0.000013809076894 0.999982362197516 0.000003828725590
0.000430105364494 0.999501005237319 0.000068889398187
0.000000002570904 0.000969433223519 0.999030564205577
0.000015214886113 0.999984741307941 0.000000043805946
0.973925277925223 0.026074722036426 0.000000000038351
0.000104071521746 0.999786853101138 0.000109075377116
0.000242728461205 0.997390713048847 0.002366558489948
0.002122107333090 0.997055447854123 0.000822444812787
0.000356754957547 0.999393689886554 0.000249555155899
0.000358760039511 0.999105453325115 0.000535786635374
0.989893081651802 0.010106918329326 0.000000000018872
0.000063755291144 0.999926368430824 0.000009876278032
0.000161092059791 0.999769778393519 0.000069129546689
0.886655216659805 0.113344783170614 0.000000000169581
0.001565975734822 0.997891370204383 0.000542654060795
0.000000045312057 0.003111029557352 0.996888925130591
0.000000000002829 0.000027985389779 0.999972014607392
0.000000117342142 0.002454936771229 0.997544945886628
0.000000000612372 0.001975639697681 0.998024359689947
0.000000055844048 0.000901321771792 0.999098622384160
0.000000002132747 0.003094088719494 0.996905909147760
0.000000000004814 0.000068934644717 0.999931065350468
0.000399752026324 0.999160455147708 0.000439792825968
0.000000109388395 0.015869430650016 0.984130459961589
0.999878649767888 0.000121350232108 0.000000000000003
0.000000051429912 0.000859255549982 0.999140693020105
0.000022945873424 0.999976482683121 0.000000571443455
0.000006941176940 0.001159188462769 0.998833870360292
0.999838399923745 0.000161600076244 0.000000000000011
0.000036794152119 0.999962747769619 0.000000458078262
0.000447144239012 0.996582612329791 0.002970243431197
0.000000150903714 0.000934952604340 0.999064896491946
0.000000000009173 0.000116145784975 0.999883854205852
0.000000003558146 0.002782989240565 0.997217007201289
0.000000000000010 0.000012240760456 0.999987759239533
0.000051020677764 0.999848662288631 0.000100317033605
0.000000000006937 0.000250214616534 0.999749785376528
0.000204284416435 0.999563807936471 0.000231907647094
0.000267451764872 0.999604739930169 0.000127808304959
0.000000857341023 0.002227030213531 0.997772112445446
0.000000067675986 0.012429278948728 0.987570653375286
0.982212138797132 0.017787861159264 0.000000000043604
0.000808774408770 0.998493109866252 0.000698115724978
0.000059620466132 0.999928129181352 0.000012250352516
0.975421571662120 0.024578428314828 0.000000000023052
0.000017976140307 0.999956614067415 0.000025409792278
0.000000193850542 0.000793484004825 0.999206322144632
0.000000033157318 0.001906620066235 0.998093346776447
0.967061056260487 0.032938943725403 0.000000000014110
0.000000021766906 0.018739125417730 0.981260852815364
0.000000015468428 0.002228511168309 0.997771473363263
0.000000007930579 0.001245521943600 0.998754470125821
0.991579576226648 0.008420423769105 0.000000000004246
0.000000000325534 0.000465128043966 0.999534871630500
0.001408400575263 0.998350077035169 0.000241522389568
0.000657433402057 0.999291819503526 0.000050747094417
0.002264360184136 0.996095092385486 0.001640547430378
0.996152731269367 0.003847268729645 0.000000000000988
0.000002988721059 0.000956624235624 0.999040387043316
0.000000293774933 0.013211034130270 0.986788672094798
0.000000000173586 0.000131360520353 0.999868639306061
0.001032289052182 0.998817635700487 0.000150075247330
0.996101485427447 0.003898514569549 0.000000000003004
0.000000012284892 0.000077923895937 0.999922063819171
0.000062752584294 0.999932732408946 0.000004515006760
0.938556107840595 0.061443892146750 0.000000000012655
0.962009984902171 0.037990014987690 0.000000000110140
0.000000003200738 0.000502118876487 0.999497877922774
0.000000000695669 0.000145397530822 0.999854601773509
0.000000000086040 0.000794193047729 0.999205806866231
0.000192550093796 0.999794634812079 0.000012815094125
0.000000000000438 0.000018734716679 0.999981265282882
0.994532848664602 0.005467151323196 0.000000000012202
0.000037999915586 0.999951563642627 0.000010436441787
0.000166151489488 0.999824336368596 0.000009512141916
0.000000635731390 0.001281197428659 0.998718166839951
0.991471993366054 0.008528006632346 0.000000000001599
0.999970593351117 0.000029406648874 0.000000000000009
0.000000009322320 0.008459417355399 0.991540573322281
0.000043503650107 0.047900649766780 0.952055846583113
0.001570010106581 0.997599397312255 0.000830592581164
0.001539782314796 0.995882297385630 0.002577920299574
0.000000000140504 0.000108461296988 0.999891538562509
0.000010705315083 0.999989004981256 0.000000289703661
0.000000000000977 0.000153139890934 0.999846860108089
0.994673061012889 0.005326938986659 0.000000000000452
0.000000003530982 0.001678123339772 0.998321873129245
0.001026618962725 0.996854622997265 0.002118758040011
0.913294442281868 0.086705557654264 0.000000000063868
0.000173473583592 0.999801682506191 0.000024843910217
0.989915090332099 0.010084909641721 0.000000000026180
0.000000000000925 0.000077781573247 0.999922218425828
0.000204705622936 0.999791219343605 0.000004075033459
0.000000704624135 0.005011545017012 0.994987750358853
0.995430206289652 0.004569793709800 0.000000000000549
0.000000167300464 0.001458803732905 0.998541028966631
0.996586401513870 0.003413598486003 0.000000000000127
0.000000023006367 0.000113464140032 0.999886512853602
0.000070383359138 0.999928714095118 0.000000902545745
0.979649560580435 0.020350439376274 0.000000000043291
0.000078796096731 0.999866202922134 0.000055000981135
0.000059620681033 0.999897413161873 0.000042966157094
0.000002160281396 0.999997829912660 0.000000009805944
0.000000000047401 0.000987245039745 0.999012754912854
0.990989462541599 0.009010537452332 0.000000000006070
0.000000003121086 0.001468353186788 0.998531643692126
0.000000002111333 0.000309581131132 0.999690416757535
0.000000006938146 0.000156787129441 0.999843205932413
0.993470100370330 0.006529899625529 0.000000000004141
0.000000108723865 0.002568447679466 0.997431443596669
0.000062132692642 0.999773805420940 0.000164061886419
0.000000000828614 0.000765061999847 0.999234937171539
0.000000034279020 0.002901714278986 0.997098251441994
0.000000000088142 0.000188082148029 0.999811917763829
0.000007611897362 0.008737861215911 0.991254526886727
0.000396268963267 0.998032078060658 0.001571652976075
0.000290917099281 0.999070775513390 0.000638307387330
0.000000025762760 0.001771028780409 0.998228945456831
0.990649360591864 0.009350639407947 0.000000000000188
0.000000041633479 0.001277175346350 0.998722783020171
0.000000000527273 0.000120979586231 0.999879019886496
0.000000000159621 0.000342832490114 0.999657167350265
0.944718700542945 0.055281299410693 0.000000000046362
0.997159548528333 0.002840451471183 0.000000000000484
0.934762785680223 0.065237214286404 0.000000000033373
0.000000000003338 0.000103158872665 0.999896841123997
0.000000001284959 0.000104950897167 0.999895047817875
0.000056896555663 0.999879930728346 0.000063172715991
0.000000000020333 0.000089292754335 0.999910707225331
0.000000030768113 0.008348527778909 0.991651441452978
0.908058443602916 0.091941556370880 0.000000000026204
0.000247392509574 0.997283191557523 0.002469415932903
0.910685494699706 0.089314505297533 0.000000000002761
0.001058134762186 0.980987172813691 0.017954692424124
0.000029469889224 0.999970006847448 0.000000523263328
0.000000000003011 0.000055623151084 0.999944376845905
0.003617459631665 0.995082579047083 0.001299961321252
0.000041041575211 0.999956971415251 0.000001987009538
0.000000000005177 0.000044800980227 0.999955199014596
0.000000008490528 0.011639332676245 0.988360658833227
0.000054280896849 0.999849836976787 0.000095882126364
0.000000000004777 0.000197095179639 0.999802904815584
0.000646879360898 0.998393825232872 0.000959295406230
0.001643578995351 0.991984929482055 0.006371491522595
0.000404924149134 0.999435985607836 0.000159090243030
0.976001959892858 0.023998040104515 0.000000000002627
0.000000000012516 0.000039584319609 0.999960415667875
0.000000000004624 0.000030465207347 0.999969534788029
0.000006838896944 0.013244886355431 0.986748274747625
0.998304885122344 0.001695114876914 0.000000000000742
0.984716939495949 0.015283060472461 0.000000000031590
0.000000148818728 0.000812432689891 0.999187418491380
0.955057239279357 0.044942760561245 0.000000000159398
0.995449972691077 0.004550027305996 0.000000000002927
0.980937379699425 0.019062620299057 0.000000000001518
0.000505422997114 0.999453203628295 0.000041373374592
0.996433393647066 0.003566606352796 0.000000000000138
0.000022947534514 0.999976587315717 0.000000465149769
0.000154814657692 0.999798006133241 0.000047179209067
0.000000000180246 0.000038985649844 0.999961014169910
0.959444970157762 0.040555029805082 0.000000000037156
0.197508038132320 0.802491960648959 0.000000001218720
0.993668933549943 0.006331066449542 0.000000000000515
0.997017935621017 0.002982064377534 0.000000000001449
0.998163398054742 0.001836601945010 0.000000000000248
0.000754580520190 0.998469877944678 0.000775541535132
0.000000031602916 0.004234901269101 0.995765067127983
0.000098955011302 0.999761207238311 0.000139837750387
0.000325258752025 0.999637506949081 0.000037234298893
0.000194608158168 0.999781370466235 0.000024021375597
0.977363562340094 0.022636437650309 0.000000000009598
0.000016795667892 0.003411996456675 0.996571207875433
0.000000000503171 0.000055535665991 0.999944463830838
0.000235904315501 0.999522934877871 0.000241160806628
